 2237
 2377
 1170
 2319
լ 885
 238
 1683
׳ 900
 2115
 3033
 886
 1803
ǧ 7323
Ѱ 2741
 4146
 4183
 3964
 3990
 243
 3820
 3420
 55
ң 2958
 1398
 3785
 6876
 1298
 609
 982
 2321
 17331
 18614
 2016
 633
 1538
 19096
 6246
 7351
 2274
 1611
 354
 1307
 1058
 238
 456
 3761
 770
פ 675
 388
 7492
ϻ 331
 463
 4660
ͼ 1053
 7883
 274
 872
 2550
 4603
׭ 126
Τ 232
 237
 2889
 1242
 5075
 385
 149
 102
 496
 6113
 1598
 2983
 10411
 1207
 432
 3426
 1602
 1780
 91
 257
 351
 296
 1914
 1904
 1064
 5366
ͣ 689
 451
 333
 1468
 1369
 1036
 752
 534
д 523
 8362
 13334
 239
 6508
 1725
 6667
 308
 2997
 2463
 7623
 1488
 1669
Գ 1527
 2901
 1186
 487
 191
 1172
 824
 8153
 1421
 2530
 1136
 406
 2869
 360
 3468
 3065
 953
 229
 2406
 1985
 3328
 2316
 1142
 682
 1737
 9370
 11326
 5233
 1256
 10629
ѩ 5543
 1325
 655
 14823
 595
 9318
 1406
 2633
 1397
 5848
 1032
ȥ 9755
֣ 332
 386
 7577
 547
 2046
 6034
 185
 610
׷ 710
 6477
 655
Ȥ 432
 946
Է 1000
 1988
 867
 1403
 1047
ͨ 2576
 14040
 2659
 914
Σ 1013
ϼ 2050
 1756
ӳ 1669
 13743
 11429
 966
 769
 15165
 10720
 139
 232
 1728
 7056
 8797
 926
 3251
 916
԰ 2380
 2058
 230
 5344
 2919
 809
Ƽ 399
 1425
 4597
 2212
 1016
 7817
 5179
 1198
 1685
 294
 5359
 14475
 544
 191
 3197
 1239
 6095
 186
 3480
 3130
Ϊ 12365
 3812
˫ 2943
 1242
 6348
 3123
 5576
ĺ 4036
ɢ 2421
 1472
 4202
 3226
 423
 716
 3266
 1552
 65
 137
 347
 1760
 5599
 1434
 1100
б 1860
 1099
 369
 2219
ҡ 1619
 6487
 4899
 982
 3491
 1429
ϧ 1679
 6166
 1053
 12294
 15
 1075
ϯ 989
 1667
 2361
Ң 546
 352
 357
г 147
ʯ 5565
 8987
־ 980
 570
 3578
 2489
 1093
 266
 545
 1479
Ϧ 2679
 3016
 1451
 6552
 319
 280
 1996
 694
 5750
 185
 114
ñ 219
 891
 914
 2550
 2999
 2937
 622
 1412
Բ 745
 19193
 1593
 1296
 264
 1650
 3507
 4186
 3366
 1465
 2180
Ȼ 3873
 1367
 822
 329
ǰ 7119
 470
 324
 223
 1155
 2159
 5586
 5185
é 855
 103
Լ 400
հ 451
 7622
 856
 26308
 6858
 7357
 576
 430
 8979
 10949
 251
ӯ 895
 848
 839
 15068
 136
 285
 438
˼ 6521
 513
 774
 206
 590
 92
 479
 362
 279
 198
 158
 1557
 4155
 451
 3510
 7503
 3964
 1682
 743
 2113
 114
 1645
 201
 152
ͤ 1986
 777
 1763
 4072
 788
 1261
 6426
 1833
 41
 5364
 3265
ɽ 20501
 620
 271
 2171
 188
 430
 1171
 1599
 7111
 7814
ɳ 2778
 1751
˷ 538
 2961
 4016
 2000
 4836
Ǽ 217
 590
 19
 2529
Į 748
 1418
 611
 86
 2618
ͽ 1931
ԭ 1390
 37
 1533
ξ 283
 455
 364
 6245
 2101
 753
 667
 1178
 178
 469
 2777
 383
 1947
 4830
 1796
 1809
 84
һ 19578
 945
 5178
 2300
̨ 3998
 91
 1401
 616
 557
 880
 3525
 1048
 3993
 1656
 640
 119
 16261
 57
 55
 2507
Ʈ 1726
 466
ҫ 381
 1109
 1639
 812
 4801
Ϣ 1407
 4667
˪ 3431
Ұ 3731
 92
 1282
 2000
Ǯ 898
׺ 293
 301
 6669
 3582
 9076
 968
 186
 1239
 53
 10197
 782
ת 2462
 122
 13496
 426
 109
ͥ 3057
 1822
 2044
Ѩ 426
 929
 420
ʳ 1794
 42
 421
 200
 199
 143
 2307
 2786
 476
 682
 192
 870
 2281
 505
 10410
 144
 230
 6227
 362
 1372
 262
 3246
ѭ 194
 967
 30
 557
 1266
 784
ʱ 14331
 418
Ԫ 1676
 2295
 308
 167
÷ 1156
 81
 54
Ω 1472
 147
 47
 1957
 76
 713
ʥ 1953
 288
 104
 337
 106
 781
 412
֪ 10850
¡ 102
 2827
 3189
 332
 1471
 865
 467
 524
 460
 270
 10
 3709
 7286
δ 8557
 254
 2012
˴ 270
 1272
 59
ͬ 5772
 629
 213
 284
 99
ٲ 202
 1187
 322
ʢ 1101
 814
 172
 679
 1393
 208
 227
 314
ɫ 6184
 357
 3005
 5629
 1204
 1175
 3533
Ի 559
 2238
 2205
 843
Ҳ 1421
 589
 1360
̫ 2304
 835
 11606
֮ 4834
 568
 11968
 5262
 1692
 588
 286
 66
 515
 553
 1211
ʫ 4623
 142
 2773
 1010
ͯ 1011
 1981
ʮ 4557
 621
 2596
 51
 3
 4221
 6808
 57
 673
 959
ۺ 20
 163
 40
 549
 1075
 631
 64
 4257
 9577
 457
 163
 425
 636
 413
 655
 205
ָ 1196
 1669
 337
 688
 310
 474
 178
 421
 562
 807
 2005
 1053
 1084
 1264
˾ 630
ˮ 13781
 120
ܿ 127
 4786
 929
 201
ӱ 91
 1148
 106
 29
 49
 1159
 1076
 2592
 861
 5365
 932
 1086
 240
 153
 1567
 6579
 99
 116
 139
 2765
 162
 146
Ѳ 417
 2347
 2507
 4320
 5437
 509
 525
 105
 2182
R 2569
 944
 403
 602
 4333
 4421
 487
 392
 3674
 1836
 2096
 526
 453
 331
ӽ 934
 7527
 405
 3983
 256
 409
 239
ս 1442
 274
Ӫ 976
 427
 2198
 371
 1725
 232
 519
 262
 45
 870
 409
 768
Ŀ 1400
 386
 195
 2728
 514
 1819
 784
 829
 1028
 88
 3612
; 855
ؽ 13
 7669
 1131
 745
 1391
̦ 1555
ƽ 4479
 3193
 1145
 956
 4403
 2294
 4338
 1054
 7662
Ŧ 25
 449
 245
 862
 1305
Ҷ 4374
 353
 6930
 277
 18
 421
 203
ͩ 695
ެ 300
 1330
Χ 398
 352
ũ 488
 142
 670
 400
 1168
 10063
 248
 2649
 818
 979
 1766
 20
 1168
 653
 2959
ֱ 2020
 1872
ľ 2790
Ӱ 2959
̸ 487
 2120
α 52
 2889
Ԥ 148
 1306
 770
Զ 7729
 1184
 1263
 1012
 4959
 6410
 5764
 2416
 3889
 32427
¬ 305
 1883
 683
 4432
¥ 4685
 4091
 737
 419
 328
 89
 1346
 1980
 388
֦ 3602
 910
 117
ȱ 345
ȴ 2682
 61
 337
 1756
ƪ 768
 214
ǳ 928
 404
ױ 808
 433
 8174
ѹ 472
 213
 1004
 173
 647
ݷ 5
 266
 2862
Ӣ 1076
 333
 2014
 269
 115
 552
 648
ܯ 329
 131
 111
 77
 849
 307
 857
տ 180
¶ 3622
 173
 1207
 2504
 3323
 50
 11525
 992
 17
 4175
 407
 626
 81
 1675
 342
 1054
 42
 4557
 126
 105
 490
 59
 273
 248
 521
 1337
 451
 116
 1106
 297
 733
 633
 2013
ӭ 1502
· 6957
Һ 236
ׯ 305
 1347
 6285
 1716
 950
Ȫ 3320
 1610
 596
 538
 75
 50
 347
 522
μ 515
 399
 2728
 3612
 980
 1604
 3420
 3120
Ͼ 426
 11
 432
 939
 66
 331
 36
 883
 1170
 13
Ǳ 810
 3480
 623
 271
 163
 333
 686
 27
 7696
 262
 432
Ũ 608
 360
 412
 241
 166
 1420
 14
 1748
 40
 3
 1034
 1790
¹ 650
æ 272
Ͷ 910
 741
 1223
 68
 1241
 451
 1239
 1596
 4161
 173
 5672
 717
 1246
ƾ 924
 39
 169
 127
 35
 2876
 1733
 930
 648
 1904
 4495
 1265
 334
 1438
 165
Դ 895
ڪ 470
 378
 394
 656
 3124
 1349
 592
 508
ɣ 939
 42
 306
 671
 2039
 2553
 320
 1331
 533
 1720
 1764
 568
 689
 260
 791
 284
 615
 167
 626
ҹ 9208
 5045
ȫ 1139
 95
 50
 58
 278
ͮ 162
? 936
 141
 74
 210
Ԧ 256
 113
˿ 1792
 4009
 293
 474
Ѭ 205
ï 408
 712
 408
 139
 4627
 294
 647
 903
 6278
 2365
 111
 63
 101
 357
 609
 3397
 1183
 1603
 213
 219
 285
 483
 335
 130
 2287
 3737
֥ 503
 377
ݺ 1258
 150
 2016
ϲ 1671
 42
 2597
Ծ 290
 4470
 238
 3025
 2845
Ǩ 666
 554
 415
ϸ 1501
 133
 723
ʼ 2230
 1096
 35
 464
 47
 1981
 1423
 312
̾ 1327
 443
΢ 3350
 144
 8294
С 3153
 820
 802
ܽ 539
 512
 2065
 2492
 848
ˬ 289
 608
 994
 390
 1412
 1594
 431
 44
 1634
Ͽ 780
 324
 94
 211
 2110
Ⱦ 472
 895
 160
ֻ 2056
η 577
 285
 298
 359
 224
 126
 366
 932
Ļ 785
 1528
 274
Ƭ 1316
 1952
 126
 931
 177
 233
 3460
 513
 2898
 609
 171
 877
 1115
 2159
ө 340
 393
Ϸ 505
 1166
 474
 38
 7113
 135
 109
 544
ѧ 1922
 597
 1556
 24
 302
 474
 5460
 14
ԥ 157
 696
 650
 2449
 105
 600
 5396
 496
 1528
ĩ 446
 89
 181
 965
λ 507
 1530
 488
 169
 3127
 580
 108
 19
 37
 464
 347
 7
 84
 673
ʷ 1022
 42
 556
 420
 262
 1322
 263
˭ 6005
 559
 383
 179
 326
 4847
 529
ʧ 1317
 645
 605
 361
 30
 172
 111
 1137
 486
 370
 66
̳ 657
 2
ʤ 1974
 1082
Υ 537
 77
 268
 180
 1471
 819
 1296
 29
 60
 412
 22
 5946
 148
 1510
 268
 2374
 1388
 241
֯ 466
 712
 382
 47
 228
 7465
 297
 2217
 782
 62
 15
 1181
 733
װ 325
Ū 858
 290
Ӧ 5926
 991
 3424
 12436
 15
 813
Ϫ 3206
޽ 63
 156
 1296
 678
 236
© 931
 495
 411
Ī 4607
 2102
 1809
 1182
 832
Я 1230
 2214
 1526
 283
ϡ 1540
 35
ƫ 1585
 1791
 914
 327
 227
 196
ʵ 790
 141
 632
 86
 1409
 3
ֵ 451
 106
 3231
 395
 222
 821
 1303
ɲ 113
 181
 359
 536
 365
 555
 138
է 610
 84
ҷ 255
 836
 1670
 324
ǿ 884
 164
 186
 979
 211
 170
 1130
 2634
ǲ 721
 369
չ 550
 8
 417
 165
 278
ѳ 10
 141
 296
Ц 2628
 334
 28
 43
 176
 757
 210
 2116
 553
 2604
 27
 10463
 495
ü 1129
 4353
 663
 1281
 308
 920
 534
 29
 250
ʿ 2206
 195
 123
 440
 182
 6373
л 1983
 741
ů 1446
 109
 1276
 2541
 588
 831
 2551
ʪ 1060
 543
մ 923
 438
 139
 166
 534
 226
 159
 560
 277
 4616
 253
 611
 2719
 3063
 8184
 1471
 553
 534
 934
 94
 608
 160
ӧ 458
 67
 464
 1018
 159
 491
 298
϶ 160
 550
 1095
̬ 458
 90
 783
ʻ 60
 702
 230
¤ 684
 2242
 2720
 408
 1272
ն 199
ɨ 910
 290
 714
 1856
 529
 420
 207
 2310
 533
 192
 453
 1151
ֲ 265
 1781
 150
 134
 155
ʶ 2008
 198
 2042
 1436
 565
 627
 4430
 3640
 629
ζ 522
 265
ּ 206
 44
 229
 931
 195
 735
 1009
 142
 1281
 301
 298
Ф 40
 300
 580
 1439
 2806
Ѧ 130
 691
 105
 442
 1368
 347
ʹ 2577
 232
 603
 1223
Ϥ 110
 2670
ֹ 663
 1757
ƥ 341
 1110
 255
 9630
 1396
ë 919
¼ 244
³ 474
 627
 41
 219
 378
 207
İ 872
 224
 601
 673
 611
ܲ 53
 390
 73
 548
Ƶ 1326
̩ 325
Խ 1321
 929
 561
 108
 37
 52
 246
 85
 328
 211
 103
 1939
 171
 1284
 660
 253
ӵ 819
 152
 184
 232
 471
 824
 1057
 167
ѿ 184
 266
 1160
 145
 612
 235
 299
 713
 1087
 48
 66
ģ 49
 472
 59
 2426
 214
 610
 445
 560
 2691
 182
 808
 101
 350
 757
 550
 33
 52
 546
 449
ҵ 1071
߶ 133
 574
 1469
 182
 215
 111
 8243
ְ 351
 580
 94
 446
 598
 195
 197
 323
 553
 330
 17
Ч 216
 128
 624
 56
ʦ 1868
 981
 45
 352
 135
 3462
 815
 2514
 59
 448
 1
ö 80
Ҵ 263
 535
 190
 248
 154
 165
 276
 118
 32
 367
 351
½ 490
 388
 572
 2774
 5
ν 889
 825
 435
 16
 80
 1110
 810
 67
 56
 1255
ÿ 1218
 356
 1318
 86
 732
 7
 887
 202
 110
 1854
 194
 305
 2027
 1696
 266
 115
 32
Ա 124
 1114
Ȩ 319
 501
 709
 170
 138
 611
 554
 2398
 150
 442
 106
 103
 1098
 1305
 515
 329
 1027
 301
 1214
 88
 230
״ 288
 42
 1197
Ը 1965
Ǭ 573
 416
 579
 210
ϥ 168
r 53
 21
 93
 96
 741
 242
 55
۵ 6
 64
ӿ 144
̶ 813
 150
 1328
˹ 805
 191
ϰ 318
 207
 2213
ο 363
 226
 575
 418
 321
 107
 133
Ű 31
Ⱥ 2048
 200
߳ 69
߸ 37
 92
 18
 41
Ľ 315
ʸ 81
 935
ʩ 454
 1428
 328
 8
 38
 315
 166
 1581
ά 378
 55
 64
 643
 133
 46
ٹ 110
 521
 2479
 236
 691
 209
 94
Ȱ 640
 801
 88
 165
 100
 120
 136
 1787
 63
 39
 45
 144
 1050
 117
 1549
 155
 1031
 232
 70
 767
ٰ 38
 128
 1819
 2386
 636
ֳ 12
 1749
 66
 967
 1194
 396
 8
 361
 319
 1591
 551
 80
 349
 126
 1137
 255
 152
 361
 437
ڤ 1192
 1131
 1728
ţ 964
 1553
 78
 791
ѫ 292
 1288
 251
 1013
 734
 72
 2537
 434
 46
 23
 1362
 1025
 925
 308
 263
 669
 289
 366
ǣ 773
 208
 232
ب 30
 10
® 709
 113
 6703
 143
ª 125
 162
 1051
 235
 123
 103
 28
 863
۸ 1
 539
 266
 352
Թ 1070
 159
 171
 406
 34
а 211
 127
 453
 67
 1299
թ 49
² 574
 80
Ϳ 251
Ѫ 681
 732
û 1031
 773
 67
 346
 42
 682
 220
 615
 435
 258
 870
ʾ 225
 664
 214
Ҫ 768
 132
 1356
 148
 341
 360
 284
 59
 199
 1381
 21
 55
 263
Ѯ 259
 422
 50
 59
 2140
 86
 137
 645
 75
 345
̽ 323
 396
 56
 60
 416
 183
 61
 2729
 825
 1033
 183
 1329
ҩ 1662
 1782
 445
 175
 131
 59
 396
 569
 34
׫ 35
 9
 15
 212
Ʒ 199
 238
 376
 629
Ժ 774
 767
 210
 105
 147
ϣ 361
 98
 586
 2073
 1114
 283
 1
 585
 144
 2801
 17
ð 148
 1256
 156
˳ 263
ί 576
 131
ʡ 717
 56
 591
 331
 931
ѵ 115
 18
º 10
 222
å 97
 96
 934
 207
ک 121
ҥ 224
Ǣ 176
ة 335
 122
 331
 53
 295
 148
« 404
 160
 143
 37
 1228
 278
ײ 54
 391
 155
 193
 510
 696
 465
 63
 958
 120
 236
 258
 406
 182
 376
 52
 45
 30
 54
 519
 410
 389
 1005
 615
޵ 196
 85
 124
 155
 2743
 36
 1098
 2148
ͻ 215
ӥ 341
 160
â 184
ۡ 99
 66
 61
ش 139
Т 293
 852
 73
 555
 281
 63
 252
 145
 193
 561
 66
 127
Ԯ 160
 39
ϴ 696
 35
 23
 225
ϭ 132
 205
 56
 36
 403
 386
 174
 22
 49
 122
 25
 250
 93
 137
 228
 4416
 307
 91
 47
 2766
 670
 5273
 614
Ρ 120
 362
Ǧ 208
 164
 672
 224
 2144
 12
Ψ 2522
Ӻ 195
 365
 52
 85
 2566
 1039
Ƥ 233
 180
 2350
 2732
 183
 1528
 93
 912
 40
 245
 70
 188
 50
ʽ 210
 732
 87
 30
Э 74
 478
 68
گ 793
 339
 9
ȡ 1449
 55
 765
 126
׹ 472
 51
 40
 110
 40
 1207
 39
 398
׿ 153
 258
Ҿ 195
 570
 707
 127
 15
 21
 140
 77
 1928
 495
 100
 378
 71
 512
 193
 65
 92
 217
 821
 139
 455
˵ 1629
 76
 50
 412
 49
 1074
 39
 276
 157
 91
ע 527
˥ 1548
 77
ի 953
 128
 419
ǭ 98
 404
 6
 211
 59
 369
ϵ 634
 125
 127
 740
 595
 208
 18
ס 1408
 558
 261
 787
 12
 332
 622
 56
 162
 412
 35
ͷ 5025
ɱ 820
ȸ 657
 155
 563
 829
͵ 386
 843
 99
 59
 29
Ҧ 128
 221
 426
 131
 8
 86
 153
 37
 28
 131
 109
 42
 256
 107
 166
 120
 82
 318
 35
ִ 376
 387
 195
 29
 56
 30
 60
ܰ 259
 46
 17
 480
 520
 216
 88
ǫ 73
 591
 31
 451
 12
 94
 18
 136
 187
ƻ 406
 51
 37
 158
 142
 127
 46
 109
 151
 163
 58
 53
 149
 34
 107
 264
 40
 60
 31
 139
 164
 910
 124
 142
 328
 28
 283
 65
 219
 101
 1104
 46
 174
 202
Ů 2499
 538
 844
ɰ 243
 216
 48
 275
 245
Ե 1329
 724
ԡ 230
 294
 336
֧ 530
 159
ȹ 316
 25
 619
 285
 800
 227
 100
 721
 95
 317
 267
 1037
ժ 315
̰ 365
 206
 357
 286
 106
 83
 151
 214
 56
̴ 182
 31
 258
 83
Ѷ 49
 19
 691
 32
 31
 168
 331
 747
 84
 105
 113
 301
Х 460
 67
 190
 2055
 208
 235
 263
Ө 117
 214
 582
 156
 191
 41
̥ 106
 22
ٻ 83
 83
 66
 75
 768
 48
ĵ 182
ޡ 82
 593
 14
 285
 234
 3414
 3816
 11
 20
 136
 136
 237
 37
 395
 128
ٿ 194
 110
 177
 314
 292
 1463
 560
 1001
 158
 78
 594
 16
 51
 120
 60
 45
 216
 37
 325
 123
 213
ܱ 179
 7
 45
 170
¯ 822
 173
 179
 1017
 47
 316
 121
 188
ޤ 108
պ 37
 302
 371
 539
 314
ٯ 81
 756
 74
 182
 47
 210
 237
 774
 142
ż 911
 1363
 225
 7
 69
 1068
 2340
޼ 218
 178
 119
 81
 246
 669
 1507
 1715
 594
ʹ 198
 582
 954
 77
 237
 750
 315
 30
 293
 186
 343
 433
 58
 230
 171
β 428
 45
 195
 132
 177
 200
ӹ 128
ҽ 137
 90
 154
 1386
 381
ǩ 52
 136
 193
 437
 52
 78
 445
Ĩ 31
 22
 352
 17
 74
 7
 402
 102
 252
 258
 208
 131
 85
 605
 117
 386
ǽ 770
 113
 244
 153
 170
 100
 210
޺ 336
 894
 92
 507
 180
 563
 28
 351
ӫ 182
 150
 82
 85
 147
 811
 2
 227
׾ 356
î 46
 87
Ҹ 28
 117
 246
 125
 198
 167
 580
 626
 68
 42
 262
 165
 640
 74
 14
 397
 1533
 35
 399
 828
 516
 180
Ӥ 196
 658
ɴ 391
Ǥ 5
 19
 338
 39
 444
ֽ 329
 303
 345
Ӯ 91
 196
 3
 495
Ъ 667
 134
 104
 125
ף 264
 207
 143
 141
 122
 236
 1104
 30
 320
 139
 825
ը 2
 52
ò 442
 321
ɭ 399
 224
 124
ӡ 596
 975
 259
ɮ 2027
 220
֤ 72
 516
 292
֬ 156
Ƨ 277
 60
 53
 395
 56
 156
 661
 50
 39
 376
 119
 82
 652
 12
 19
 60
 6
 460
 101
 86
 57
 98
 23
 48
Ķ 233
 368
 31
ɪ 581
 102
 32
 19
 7
 233
 24
 403
 55
ا 17
 58
 34
 18
 71
̭ 19
 30
 53
 34
 261
 52
 89
 38
 75
 19
 424
 58
 251
 54
 88
 170
 129
 47
 21
 18
 47
٫ 15
 98
 50
 225
 263
 477
 147
 25
 28
 37
Ѥ 19
 17
γ 71
 319
 116
 93
 128
ޥ 389
 15
 14
 200
 164
˶ 44
 29
 65
ʣ 143
 146
 142
 29
 64
 33
 8
 23
 187
 22
 151
ع 5
 75
 128
 33
 228
 18
 15
 143
 35
 34
 199
 69
 40
 131
 54
 166
 90
 1
ܼ 14
͢ 245
 59
 770
 61
 19
 32
 76
Ӿ 49
 58
 201
ͳ 68
 36
 577
 11
 199
 40
 432
 35
 51
 18
 47
 153
 454
 45
 164
 10
 51
 2
 4
 3
ô 3
 11
 17
߯ 18
 251
 24
ܭ 47
 47
 166
ԣ 20
 13
 19
 52
 166
 219
 20
 18
 25
 138
 11
 61
 32
 88
 27
У 302
 37
 119
 14
 118
 26
 89
 32
 77
 154
 1134
 158
 235
 1172
κ 442
 134
 141
 56
 19
 302
» 507
 15
 26
 58
 54
 564
 53
ܷ 126
 59
 95
 6
 23
 13
 2
 19
 11
 2
ڻ 1
 41
 24
 4
 6
 21
ı 508
Ϯ 112
 2
 302
 176
 26
 6
 32
 22
 13
 37
 5
 4
 6
 130
 18
 133
 33
į 774
 54
 89
 31
 13
Ĭ 403
 10
 31
 82
 124
 32
 31
 30
ѡ 309
 71
٧ 7
 9
 51
 11
 221
 381
 250
 11
 27
޹ 270
ĸ 686
 30
ʬ 128
 38
 20
 9
 7
 21
 28
 166
 80
 133
 94
 246
 137
 140
ԩ 289
 31
 285
 21
 90
ͭ 574
 121
 868
ط 32
 9
 28
 39
 323
 86
 23
 75
 2
 12
 14
 246
 457
 100
 307
 8
 52
 1
 46
н 182
˽ 435
ΰ 35
 507
 57
 292
 55
 27
ݰ 17
 51
 78
 8
 34
 35
 843
 11
 28
 38
 19
 25
 206
 35
ڵ 54
 73
 39
 52
 53
Ͻ 54
 99
 219
ӣ 177
 855
 89
 25
 3
 55
 19
ԧ 722
 23
 840
 79
ͫ 80
 98
 38
 21
 543
ǵ 75
 132
 90
 56
 365
 134
ý 247
 31
 142
 40
̢ 14
 363
 46
 77
ū 275
¾ 73
 104
ç 196
 685
ѻ 387
ã 1168
 100
 99
 55
 3
ǹ 125
 258
 41
к 193
 98
 133
 28
 143
 629
 167
 1436
 13
 150
 410
 75
 49
 253
 8
 637
 34
 15
 284
׵ 39
 1167
 348
 20
 52
 53
 82
 60
 63
 84
ұ 109
 144
 24
 62
ز 195
 394
 184
 335
 151
 144
 51
 22
 195
Ϻ 74
 63
 235
 126
 320
 214
أ 245
 115
 347
 24
 22
 169
 38
 48
Ѹ 57
 152
 19
 229
 151
 299
 83
 24
 203
 103
¸ 14
 425
 682
 200
Ю 92
 124
 27
 173
 81
͸ 259
 173
 174
 74
 272
ȵ 437
ԯ 244
 111
 75
 100
ר 259
 64
 28
 116
 78
 5
 136
 13
 364
´ 46
 21
 10
 54
 151
 2
 180
 22
 639
 200
 7
ŭ 285
 12
 81
 20
 22
 34
 101
 42
 18
 65
 142
 39
 59
 221
 28
 162
ì 87
 35
 2
 22
 15
 895
 50
 33
 163
 35
 177
 53
 51
 29
˧ 116
 222
 18
 11
 4
 35
 492
 202
 42
 143
 12
 233
 76
 95
 139
 188
 156
 237
 50
 54
 27
ձ 117
 140
˻ 446
 183
 137
ĥ 342
 278
ص 9
 67
 994
 87
 666
 189
ŵ 109
 244
Ƴ 73
 239
 57
 51
ƣ 282
 241
 315
 7
 166
ԫ 334
 47
 348
 394
 235
 165
 23
 140
 259
 103
 442
 127
 312
 219
 206
 113
ļ 30
 564
 110
 1284
 50
 322
 1287
Ȯ 515
 45
 87
 213
 46
 16
 128
 357
 392
 51
 88
 111
 322
 41
 1363
 186
 149
 232
 358
 331
 71
ި 119
 234
 395
 48
 27
 9
 112
 75
 29
 102
ɯ 266
 84
ڣ 247
 207
 248
 39
 92
ƶ 1519
 76
 337
 103
 38
 257
 45
 42
շ 39
 28
 107
 152
 164
 36
 6
 9
 55
 62
 65
 232
ۻ 86
 57
̣ 197
 138
 216
 58
 42
± 65
 149
 65
Ȣ 50
 149
 517
 20
 15
 24
 175
 265
ƿ 346
 29
 102
 35
 112
 18
 256
 514
 47
 48
 41
 13
׶ 67
 194
 9
 114
ι 28
 116
 347
 170
£ 27
 77
 677
 166
 659
 185
 7
 102
 20
 73
 79
 92
͡ 405
 19
 17
 63
 61
 126
ƴ 3
 295
ε 58
 103
 18
ʰ 318
ź 134
 25
 161
 353
 433
 640
 28
 44
դ 37
 81
 9
 279
 143
 278
ǡ 119
 124
 125
 62
 265
 78
 27
 9
 200
 40
 27
ު 9
 124
 103
ɧ 329
м 119
 169
Ĺ 198
 527
 45
 287
ޯ 82
 38
 167
 117
¢ 141
 568
 96
 138
 997
 30
 123
 55
 111
 73
 49
 33
 67
 18
 225
 240
 124
 13
 346
 63
 30
 59
 192
 80
 79
 52
 18
 168
 81
 260
 5
 36
 247
 90
 65
 271
 88
 337
 92
 90
 30
 9
 48
 519
 145
 28
צ 124
 228
 106
 149
 42
 114
 653
 369
 284
 593
 34
 31
 171
 65
 93
 268
 43
 13
ɺ 272
 41
 88
 252
 26
 148
 96
 7
Ư 235
 19
 190
 120
 148
 142
 603
 10
 37
 17
 59
٭ 23
 65
 39
 9
 104
 47
 306
 21
{ 1
 25
 75
 64
 166
 154
 16
 112
 33
 211
Ϭ 203
 115
 28
Ħ 180
 121
 126
 191
 165
 154
 61
 30
Ţ 23
 191
ռ 443
˱ 19
Ӹ 6
 123
 289
ɬ 196
 56
 2
ߧ 17
֫ 71
 63
 36
 8
 15
 115
 7
 306
 219
ש 36
 111
Ǵ 52
 33
ȭ 143
 335
 43
Ӭ 129
 111
 130
 20
 17
 203
 59
 354
 16
 68
 200
ɼ 268
 71
 24
 16
 62
 202
 91
 6
 60
 14
 22
 12
׼ 64
 126
 34
 64
 38
 46
 46
 91
 8
 156
 59
ˢ 72
 75
 461
 167
 63
 126
 22
 23
 69
 9
 91
 23
 39
 72
 173
 61
 159
ذ 33
 229
 808
 48
ջ 154
 62
 81
 85
 124
˯ 556
 124
 119
 74
 94
 9
 133
 53
 51
 43
ī 439
ٱ 176
 99
 153
 39
 70
 16
 99
 33
 29
 45
 43
 40
 150
 221
 58
 42
 111
Ĥ 15
 106
 210
 614
 44
Ƹ 59
 501
 61
 58
 39
Ʃ 46
 30
 142
 3
 25
 52
 256
 11
 14
˸ 62
ߵ 103
 47
 287
׽ 64
 206
 310
 311
 104
 51
 98
 116
 6
 244
 227
 61
 33
 170
 35
 98
 96
 16
 33
õ 22
 79
 20
ͺ 59
ݱ 22
 307
 85
 70
 140
 328
 38
 44
 99
 99
̧ 40
 21
 44
 40
 14
 18
 7
֩ 44
 29
 207
 17
 10
 475
 82
 100
 16
 4
 113
̤ 471
 111
 28
Ҭ 18
 9
 23
۫ 266
 121
 81
 77
ܦ 119
 74
 4
 461
Ŵ 5
 109
 9
 135
 67
 23
 138
 35
 35
 110
̲ 377
˰ 172
ѣ 33
 66
 21
 6
 21
 49
 71
 153
Ѽ 112
ҧ 41
 316
 6
 95
 39
 66
ͧ 154
Ү 170
 63
 61
 64
 78
 581
 33
 51
 164
ٽ 19
ɩ 29
޴ 55
 421
 201
 6
 52
 183
 77
 360
 69
Ÿ 527
 301
 65
 9
 41
 140
 57
 79
 46
 311
 36
٥ 5
 26
 15
ٳ 18
ڸ 13
 76
 20
 136
 22
 34
 7
 6
 4
 38
 56
ѱ 138
 71
 111
è 16
 35
 34
 102
 143
 99
 51
 61
 10
 156
 109
 14
 39
 139
ճ 26
 51
 10
 102
ɥ 292
 250
 5
 8
 70
 11
 31
 29
 20
ä 35
 11
 24
 19
 40
 39
 58
 8
ó 14
 38
 106
 18
ʴ 62
 41
 24
 13
 383
 10
 18
 160
 228
 62
 11
Ŭ 79
 14
 234
 70
 61
 140
 48
 28
 10
 63
 4
 89
 20
 18
 86
 39
 192
Щ 94
 344
 3
 34
 138
 20
 71
 56
 93
 152
 115
 129
 1
 6
 59
 30
 53
 16
 20
 165
 73
 198
 332
 83
á 256
 52
 32
ծ 66
 24
 50
 64
 51
 35
 54
 54
 10
ݸ 14
 86
 96
 35
 32
 15
 26
 59
 20
 35
 187
 304
 42
 337
 53
 94
 44
 13
 58
 22
 36
 5
 14
 14
Ь 61
 54
 61
 17
 3
 42
 27
 24
 25
 83
 56
 58
 46
 40
 133
 4
 49
 9
 142
 368
 94
 8
 27
 193
 16
 70
 94
 65
Ԭ 100
 91
 83
 490
 193
 45
 82
 74
 94
 66
 45
 20
ܧ 15
 39
 38
 6
 87
 18
 16
 12
 25
 31
 248
 23
 45
 156
 9
 46
 81
Ԩ 144
 30
 24
 12
 44
 23
 36
 72
 3
 2
 34
ή 69
ާ 81
 21
 107
 35
 76
 110
 99
 156
 16
 35
 76
 37
 44
 240
̿ 91
 13
 42
 58
ֺ 71
 70
 91
 53
 11
 17
 17
 45
ɦ 129
 15
 17
 87
 126
 7
 3
 13
 14
 53
 73
 13
 21
 42
 17
 18
 24
 5
 1896
 14
 27
 112
 47
 81
 28
 22
 111
 28
 45
 202
 66
ĭ 101
 77
 39
 9
 3
 75
 131
 4
 51
 138
 80
 20
 18
 174
 146
 155
 137
 74
 21
 27
 16
 95
 63
 27
 64
 84
 141
 88
 94
 59
 54
 173
 46
ק 20
 54
 71
 38
 11
 39
ޢ 23
 31
 12
 14
 4
 74
 87
ۤ 13
 6
 64
 318
ޱ 201
Ѻ 30
 34
 12
 20
 84
 77
 10
 25
 117
 29
 30
з 51
 104
ݶ 132
 58
 32
 14
 25
 30
 18
 66
 4
 154
 64
 64
 58
ݮ 198
ȯ 9
 17
 17
խ 147
 74
 131
 96
 34
 9
ʭ 45
 3
 12
ݽ 4
 174
 48
 80
 4
 29
 5
 2
 34
 13
 10
 94
 38
 91
 123
 125
 246
 193
 33
 6
 102
 71
 8
 24
 19
 61
 58
 12
 21
 15
 2
 43
 44
 29
Ƚ 242
 9
Ԣ 167
 6
 47
 33
 20
ġ 7
 46
 12
 43
 76
 70
 37
 55
 19
 51
 4
ڹ 20
Ž 42
޿ 43
 17
 18
 17
߮ 38
 38
 49
 9
 23
 39
 73
 30
 16
 24
 89
 56
έ 153
 35
 10
 13
 9
 9
 38
 39
 12
 3
 212
 37
 189
 8
ȼ 56
 4
 54
 40
ڽ 56
 82
 27
 47
 1
 194
 33
 25
 42
 4
 3
ֶ 51
 263
 38
 37
 8
 26
 11
 80
 41
 38
 5
 5
٬ 2
 33
 50
ͦ 66
 6
 1
ھ 66
 28
 71
 3
 8
 35
 48
ߨ 4
 16
 101
 9
 62
 11
ǯ 20
̹ 69
 45
 45
ݥ 57
 16
ɾ 26
 4
خ 17
 31
Ĳ 36
 21
ް 26
 9
 1
 136
ߪ 105
 26
 254
 23
 16
 37
 24
 30
 11
۳ 16
 11
 61
 3
 50
 20
 19
 15
 19
ť 2
 38
 21
ߤ 7
 21
 8
 9
 41
ۼ 11
٩ 15
 8
 13
 5
 16
ڰ 3
 24
в 23
 1
 75
 23
 45
 73
 10
 2
 149
 8
 9
 21
 19
 39
 15
׸ 11
 75
 28
 43
 59
 5
 17
 20
 9
 18
ַ 41
 42
 78
 185
 47
 24
 16
 35
 65
 13
 6
 135
 115
ˡ 25
 15
 23
 10
 19
 12
 14
 33
 7
 11
 8
 26
 3
ѯ 46
 12
 33
 48
 84
ݼ 27
 32
 20
 14
 43
 59
 10
 88
 118
 11
 23
 17
 53
 13
 43
 17
 104
 8
 12
ۮ 12
 33
̷ 58
 62
 53
 26
 108
 81
 14
 64
 27
 21
 41
 53
 22
 61
 69
 68
 9
 25
Ϋ 3
ų 35
 11
 3
 80
 13
 60
 50
 166
 16
Կ 42
پ 4
ո 15
 101
 12
 4
 17
 51
 2
 94
 14
 28
 6
 108
 52
 61
 4
 34
 59
 25
 83
 23
й 77
 41
 32
 40
 19
 17
 15
 59
 22
 17
 6
 11
 20
 4
 4
ư 151
 12
 79
 3
 114
 21
 45
 10
 11
 10
 123
 48
 2
 29
 17
 47
 23
 10
Ҽ 9
 34
 13
 21
 6
 68
 77
 11
 31
 2
 15
 17
 53
Ǿ 52
 42
 20
 25
 20
 52
 11
 90
 7
 15
 1
 18
 17
 15
 7
 15
 2
 8
 28
 18
 96
 33
 6
 34
 35
 20
ɹ 76
 21
 85
 1
 36
 57
 227
 15
 5
 67
 4
 59
ʨ 18
 44
 27
 5
 27
 6
 5
 87
 103
 45
 3
 8
 23
 3
 35
 2
 130
 120
 27
 45
 49
 3
ҭ 19
 46
 22
 32
˲ 38
 17
 15
 17
ߢ 35
 15
 8
 2
 16
 56
 57
Ƕ 65
ت 6
 14
 8
 19
 3
 13
 18
 11
 37
 11
 12
 52
 94
 3
 12
 177
 48
 25
 5
 13
 6
 16
 23
 27
 44
 82
 17
 3
 1
 15
 3
 6
 53
 88
 14
 14
ܩ 54
ڶ 8
 4
 36
 7
 3
 40
 7
 3
޲ 18
 13
 10
ٸ 1
 14
 6
 13
׻ 8
 37
 15
 4
 19
 11
 4
 42
 1
 3
 10
 22
 1
 4
 43
 24
 60
µ 56
 16
 29
 23
 2
 7
 29
 5
 31
 8
 19
 14
 2
 22
 93
 12
 10
 6
 13
 25
 4
 15
 9
ʲ 77
 56
 35
 3
 66
 42
 14
 23
 11
 5
 6
 52
 3
 8
 8
 5
 16
 56
 20
 3
 15
 1
 7
 7
 9
 11
 7
 14
 13
 15
 21
 3
 31
 23
 59
 18
 28
 15
 33
 22
 22
 9
 6
 13
 2
 16
 17
 11
 7
 11
 92
٤ 35
 39
 2
 7
 57
 31
 10
վ 7
ű 27
 14
 24
 4
 9
 25
 5
٢ 26
 39
ٷ 21
 62
 32
 6
 21
 6
 9
 5
 1
 24
ϫ 4
̺ 24
 6
 125
 6
ڼ 8
 2
 20
ڱ 1
 17
 36
 465
 2
 10
 2
 21
Ѵ 2
 4
 5
 40
 5
 17
 1
 10
 38
 4
 41
 92
 13
 2
 7
 16
 3
 13
 59
 14
 25
 3
 33
 8
 27
 8
 6
 3
ж 41
 8
 11
 42
 26
 7
 10
 1
 25
ץ 8
ۦ 4
 109
 79
 10
 15
 1
 15
 25
 1
 2
 38
 35
 184
 55
 15
 6
 14
 22
 8
 37
 8
 118
 1
 22
 27
 9
ղ 22
 3
 44
 57
 22
 29
ޣ 25
 12
 30
 6
ү 17
ۭ 16
 18
 4
 16
 13
 8
 17
¦ 41
 19
 54
 98
 18
 26
 3
 54
 25
 43
 63
 15
 25
۰ 4
 19
 30
 41
 1
 27
 123
 28
 5
 24
 15
 167
 14
 22
 21
۶ 44
 19
 35
 3
 3
 26
 7
ѥ 29
 23
 2
 8
 14
 4
 2
 7
 11
 3
 12
 15
۾ 23
 4
 21
 4
 1
 4
 4
 26
 18
 25
 9
 4
 29
 22
 5
 3
 72
 6
۲ 1
 14
̡ 33
 26
 5
 4
 26
 2
 3
 3
 12
ɻ 20
 2
 28
 5
 3
ӻ 42
ݨ 1
 24
 3
 7
 14
 20
 12
 30
 11
 2
 4
 12
 9
 15
 1
 6
 13
 1
 4
ݪ 14
޾ 19
 27
 10
 42
 8
 3
ٺ 144
ħ 93
 15
 5
a 3
 13
 11
 14
 13
 61
 35
 8
 1
 6
 24
 18
 9
 5
 9
 10
 73
 10
 50
 24
 10
 27
 18
 3
 4
 3
 2
 2
 5
 31
 32
 1
 10
 2
 20
 1
 3
 11
 12
ڦ 14
 8
 10
 5
 8
 12
 15
 34
 19
 57
 1
 4
 55
 6
 27
 11
 11
 4
 5
 4
 20
 54
 2
 7
 14
 1
 6
 50
 7
 11
 13
 8
¿ 92
ں 35
 16
 14
 13
 7
 4
 23
 8
 21
 12
 5
ȷ 26
 6
 11
 1
 1
 10
 5
 2
 232
Ͳ 72
 28
ѽ 74
 6
 10
 78
 12
 16
 28
 11
 11
 14
 15
 10
 11
- 35
 9
 9
 4
y 3
 14
 24
 3
ѷ 44
 10
 17
 5
 26
 31
Ȭ 29
 16
 7
 11
 21
 54
 32
 32
Ǹ 13
 70
 16
 12
 6
 60
 13
 3
 2
 8
 2
 9
 5
 15
ޫ 12
 10
 9
 21
 2
 71
 19
 8
 7
 4
 38
 5
 19
 9
 7
 15
յ 171
 10
 4
ڷ 31
 14
 88
 31
 8
 6
 16
 2
 12
 68
 29
Ʋ 27
 24
 18
ܸ 6
 7
 28
 9
 25
Ƿ 99
 9
 5
ڳ 12
 16
 10
 2
 13
 11
 15
 5
ؾ 16
٪ 13
 6
 10
 4
 3
 3
 5
е 14
 20
 8
 2
̻ 18
 9
 10
 16
 31
 33
 6
 2
 20
§ 8
 17
 26
 9
 2
Ы 15
 3
 9
 4
 10
 5
 4
 46
 13
Ż 27
Ϲ 7
 8
 2
 25
 12
 22
 6
 9
 14
 2
 10
 3
Ĵ 4
 33
 5
 5
 4
 12
ݬ 24
 8
 26
 22
 22
 2
 38
 47
 15
 2
 5
 6
 3
 8
 5
 5
 9
 23
 8
 7
 20
θ 8
 10
 5
 11
 13
 18
 16
֭ 12
ŷ 33
0 15
 12
 11
 20
 12
 8
 5
b 2
 3
 5
 6
 6
 6
ީ 6
 10
 9
 17
 8
 8
 8
 11
Ź 8
 9
Ӳ 20
 37
 14
Ѿ 8
 9
 18
ڮ 14
 5
 2
 6
 12
 7
 17
 8
 4
 6
 9
 16
 4
 6
 9
 6
 7
 8
 49
ù 5
 14
 48
 3
 5
 9
 19
 3
 3
 5
 4
 14
 9
 3
 24
 8
 5
ۯ 7
 3
 10
 12
 19
 5
 25
 10
 4
 25
 10
̯ 7
 38
 3
 28
 12
 17
ޭ 21
 12
 4
 8
 53
߭ 3
 2
 2
 16
Ͱ 3
 3
 8
 3
 4
 5
 2
 3
 10
ۨ 7
 13
 8
 5
 10
 12
ٵ 11
 8
 2
 4
 15
ݣ 5
 2
س 8
 9
 6
կ 16
 10
 2
 2
 2
 3
 8
 5
 5
 5
 3
 6
 2
 15
 4
 4
 6
 2
 7
 10
 10
 5
 3
 6
 2
 3
 28
 12
 7
 8
 9
 7
 3
 14
 5
 9
 12
 2
 3
 50
 26
 2
 10
 7
 7
 7
 2
 7
 4
 6
 2
 8
 3
 37
 16
 9
 4
 10
 15
 15
 29
 2
 6
 36
Ӷ 22
 9
ڭ 20
 7
 2
 3
 11
 5
 17
 5
 8
 10
ȶ 7
 7
 5
 8
 2
 13
 8
 18
 19
ګ 4
 8
ؤ 13
 3
 14
 15
 3
 16
 3
 27
 35
 7
 40
 2
ɷ 13
 5
 17
 11
 8
Ŷ 20
 13
 5
 29
 5
 23
 12
 6
 18
 2
 7
 2
 5
 5
 12
 7
 5
 5
 3
 10
 8
 15
 8
 2
 3
 3
 4
 5
 7
 11
 2
 3
 12
 4
 3
 4
 5
 12
 9
 2
 7
 10
 12
 10
 5
׬ 19
 4
 2
 2
 7
 5
ڬ 2
 6
 3
 3
 6
 3
 3
 2
 13
 8
 3
 7
 4
 12
 3
 4
ݵ 12
 5
 2
 3
ڿ 13
 3
 4
 3
 2
 2
զ 7
 14
 2
 13
 7
۬ 4
 10
 8
 3
 7
 5
 5
 22
Φ 4
 5
ɡ 13
 3
 2
 7
 21
 6
 3
 3
 2
 2
ڨ 8
 5
 2
 3
 6
 19
_ 2
 9
 4
 2
 6
 4
 3
 6
 4
 2
 3
ǻ 6
׮ 6
Ƣ 12
 3
 12
 6
 8
 2
 5
 4
 3
 3
 4
 7
 4
 2
 2
 2
 2
 4
 4
 4
 4
˺ 3
 4
 9
 4
ɸ 9
 5
 5
۱ 4
 4
 2
 4
 2
 4
Ȧ 7
 2
 11
 4
 3
Z 2
 1
 1
 5
 7
 4
 3
 3
 7
 3
 1
 6
 1
 4
 3
 9
 3
 5
ۿ 2
ֿ 9
 2
 2
 30
 3
 8
 2
 5
 3
 8
޶ 5
 3
 2
 1
 2
ɿ 2
 5
 3
 3
 4
 5
 11
ú 9
 1
 2
 16
 6
 6
 6
 2
 7
 1
 14
 1
 1
 10
 2
ϱ 3
 2
 1
ߣ 1
 3
ݿ 5
 4
 2
 1
 3
 6
 6
͹ 9
 13
 1
 9
 7
 13
 3
+ 2
ĳ 12
 3
 1
 4
 6
 4
 9
 3
 3
 18
 7
 7
 2
 6
 4
п 1
 26
 3
 13
Ҥ 5
գ 2
۪ 7
 1
 3
 1
ݫ 1
 3
 1
 1
 2
 3
 2
 13
 3
 2
ݦ 2
 5
 1
 3
 13
 2
 5
 10
 4
إ 1
 3
 1
 2
 4
 6
 9
 3
 7
 4
 11
 9
 6
ۣ 4
̵ 6
 4
 4
 2
 2
 8
 2
 1
 1
 2
 1
 9
֢ 3
 2
 1
 3
 3
 1
Ϩ 2
 13
 1
 3
 1
 2
 7
 3
 1
 1
 4
 2
 9
 5
­ 6
 1
 2
 4
 4
 2
 2
 10
 5
 23
 1
 4
 4
 3
 1
 2
x 5
ڴ 1
 2
 3
 2
 1
 2
 2
ݢ 1
 1
 2
 5
Ӵ 3
 1
 2
 5
 2
 4
 5
 2
 2
 1
 2
 3
 9
 1
 1
ȿ 2
 1
ݡ 1
 1
 1
 2
 2
 4
 5
 5
 1
 1
 4
 5
 3
 2
 2
2 4
6 2
8 2
 1
 3
ݭ 2
 4
߫ 1
 5
 2
 6
 3
 5
ݳ 3
 1
 1
 1
 1
 1
 2
 1
 6
 1
 1
 5
 1
 8
 2
 1
ˣ 3
 1
Ӽ 2
ķ 2
 2
 2
 4
 2
 1
 1
 2
 1
 1
 1
 3
 3
ܤ 4
 2
 5
 4
 1
 1
 2
 2
 1
 3
۩ 1
 2
 1
 2
 1
 1
 2
 1
 1
 2
 2
ܹ 1
 1
 2
 3
 1
 3
w 1
u 2
 1
 1
 2
 2
 5
 3
 5
 2
 2
 2
 1
ܬ 2
 5
 1
ƺ 1
 2
 2
 1
 4
 1
 1
 1
 2
и 1
 2
 2
 2
 1
 1
 3
 2
 2
 1
 2
 1
 1
 1
 1
 2
 1
 1
 4
Ʀ 1
 4
 1
 1
 3
 2
 1
 2
 2
 2
 3
Ѣ 1
d 1
i 1
s 3
p 1
l 1
t 2
 6
 2
 4
 1
 1
 1
 1
۹ 1
 1
 1
 1
 1
 1
 1
 1
 3
 1
 1
 1
 1
 2
 4
 1
 3
 1
 1
 2
 1
 3
 2
 1
 1
 1
 1
 2
 3
 1
ڲ 1
 2
 2
 3
 2
 1
 1
 1
 4
° 2
ܵ 1
 1
 1
 2
 2
 1
 1
 3
¨ 1
 2
 1
 3
 1
 1
 6
 1
 1
 1
ج 2
 1
 2
 1
 4
 3
ٮ 2
 1
 1
о 6
 1
4 1
3 2
7 4
 3
 1
 1
 1
 1
 1
 1
 2
 1
̼ 1
 3
 1
 1
 1
 1
 1
 3
޳ 1
 1
 1
 1
Ш 2
 1
 1
 1
 1
 1
 2
 1
 1
 2
 1
 1
 2
 2
ߥ 1
 2
 1
 1
 1
 1
 1
 1
 1
 2
 1
 2
1 1
5 1
 1
ʺ 3
 1
 1
 2
 1
Ȳ 1
 1
 1
 1
ȧ 1
 8
 1
ަ 4
 2
 1
 1
 1
š 1
 1
 1
 1
ߡ 1
 1
߱ 1
 2
 3
ܾ 1
 1
 1
 1
 1
 2
 2
ظ 1
 1
 1
 1
 1
 1
 2
 1
 1
 1
۷ 1
̱ 1
 1
 1
ۥ 1
 1
 2
 2
Ģ 1
